#VisionXYZ (x,y,z_mm)
s01=-144.475350,57.051940,445.909091
s02=-149.228671,58.209769,454.659091
s03=-154.017360,59.278383,463.659091
s04=-158.765363,60.240730,472.886364
s05=-168.198353,62.219822,490.750000
s06=-149.434110,62.231742,501.204545
s07=-131.868999,62.213169,510.795455
s08=-87.101071,62.207161,534.727273
s09=-42.146699,62.133223,558.818182
s10=47.942760,61.132582,606.613636

#Robot (x,y,z_mm)
s01=241.235168,450.003632,829.997131
s02=241.229019,460.004395,829.997864
s03=241.228394,470.002808,830.000244
s04=241.227524,480.006866,829.996643
s05=241.126694,499.879578,829.793518
s06=220.002106,500.003143,829.715332
s07=199.998184,499.995331,829.712769
s08=149.998322,499.813690,829.712219
s09=99.998474,499.821899,829.709839
s10=0.100989,499.512604,829.182434

#SampleLog (manual check only)
#format=sXX,vision_xyz(mm),robot_xyz(mm),pred_robot_xyz(mm),residual(mm)
s01,V=(-144.475,57.052,445.909),R=(241.235,450.004,829.997),P=(242.248,449.182,829.975),E=1.304
s02,V=(-149.229,58.210,454.659),R=(241.229,460.004,829.998),P=(242.279,459.206,830.064),E=1.321
s03,V=(-154.017,59.278,463.659),R=(241.228,470.003,830.000),P=(242.223,469.457,830.040),E=1.136
s04,V=(-158.765,60.241,472.886),R=(241.228,480.007,829.997),P=(242.023,479.875,829.892),E=0.813
s05,V=(-168.198,62.220,490.750),R=(241.127,499.880,829.794),P=(241.848,500.172,829.707),E=0.783
s06,V=(-149.434,62.232,501.205),R=(220.002,500.003,829.715),P=(220.370,500.468,829.719),E=0.593
s07,V=(-131.869,62.213,510.795),R=(199.998,499.995,829.713),P=(200.357,500.572,829.720),E=0.679
s08,V=(-87.101,62.207,534.727),R=(149.998,499.814,829.712),P=(149.594,500.391,829.811),E=0.711
s09,V=(-42.147,62.133,558.818),R=(99.998,499.822,829.710),P=(98.592,500.254,829.828),E=1.476
s10,V=(47.943,61.133,606.614),R=(0.101,499.513,829.182),P=(-3.390,499.467,829.062),E=3.493

#RotationMat (rigid: R(3x3), t(1x3), row-vector form)
r0=-0.880133454978,-0.471878241387,0.051923277381
r1=0.00151199532415,0.106588228885,0.994302098627
r2=-0.474723935882,0.875197049109,-0.0930983884542
t=326.687683379,-15.3323365988,822.262762013
m0=-0.880133454978,-0.471878241387,0.051923277381
m1=0.00151199532415,0.106588228885,0.994302098627
m2=-0.474723935882,0.875197049109,-0.0930983884542
m3=326.687683379,-15.3323365988,822.262762013
rmse=1.473467
