#VisionXYZ (x,y,z_mm)
s01=-146.703513,60.716945,445.090909
s02=-151.387611,61.853502,453.840909
s03=-155.871597,63.000484,462.568182
s04=-160.666298,64.108882,471.795455
s05=-169.836940,66.245580,489.590909
s06=-151.559796,66.100616,500.454545
s07=-133.860820,66.117249,509.613636
s08=-89.545902,65.959474,534.022727
s09=-44.797744,65.722332,557.954545
s10=45.162453,64.582367,605.840909

#Robot (x,y,z_mm)
s01=241.233734,449.996033,830.002197
s02=241.228043,460.003937,829.998230
s03=241.226105,469.996216,830.005432
s04=241.227234,480.001678,830.000977
s05=241.155869,499.935272,829.871948
s06=220.004120,500.007874,829.702698
s07=199.998245,500.003937,829.705811
s08=149.998917,499.823242,829.705872
s09=99.998840,499.814453,829.713806
s10=0.111048,499.495392,829.221436

#SampleLog (manual check only)
#format=sXX,vision_xyz(mm),robot_xyz(mm),pred_robot_xyz(mm),residual(mm)
s01,V=(-146.704,60.717,445.091),R=(241.234,449.996,830.002),P=(242.340,449.436,830.008),E=1.240
s02,V=(-151.388,61.854,453.841),R=(241.228,460.004,829.998),P=(242.285,459.425,830.009),E=1.205
s03,V=(-155.872,63.000,462.568),R=(241.226,469.996,830.005),P=(242.065,469.301,830.033),E=1.089
s04,V=(-160.666,64.109,471.795),R=(241.227,480.002,830.001),P=(241.879,479.757,829.953),E=0.698
s05,V=(-169.837,66.246,489.591),R=(241.156,499.935,829.872),P=(241.454,499.885,829.801),E=0.310
s06,V=(-151.560,66.101,500.455),R=(220.004,500.008,829.703),P=(220.207,500.697,829.644),E=0.721
s07,V=(-133.861,66.117,509.614),R=(199.998,500.004,829.706),P=(200.283,500.312,829.782),E=0.427
s08,V=(-89.546,65.959,534.023),R=(149.999,499.823,829.706),P=(149.691,500.616,829.785),E=0.854
s09,V=(-44.798,65.722,557.955),R=(99.999,499.814,829.714),P=(98.946,500.289,829.780),E=1.157
s10,V=(45.162,64.582,605.841),R=(0.111,499.495,829.221),P=(-2.966,499.360,829.134),E=3.081

#RotationMat (rigid: R(3x3), t(1x3), row-vector form)
r0=-0.878771765751,-0.473748345237,0.0576427714878
r1=0.00385094932934,0.113740060476,0.993503079428
r2=-0.477226732182,0.873284434779,-0.0981271729091
t=325.596377191,-15.6618862062,821.817502336
m0=-0.878771765751,-0.473748345237,0.0576427714878
m1=0.00385094932934,0.113740060476,0.993503079428
m2=-0.477226732182,0.873284434779,-0.0981271729091
m3=325.596377191,-15.6618862062,821.817502336
rmse=1.304721
